    0.0000000       1.0000000     0.000000000
    0.0630972       1.0000419     0.042066585
    0.0832568       1.0000962     0.055509886
    0.0979163       1.0001565     0.065287772
     0.109858       1.0002211     0.073254566
     0.120114       1.0002890     0.080099110
     0.129201       1.0003598     0.086164926
     0.137418       1.0004330     0.091651739
     0.144957       1.0005084     0.096687418
     0.151950       1.0005856      0.10135946
     0.158491       1.0006647      0.10573078
     0.164650       1.0007454      0.10984831
     0.170481       1.0008277      0.11374815
     0.176028       1.0009113      0.11745875
     0.181324       1.0009963      0.12100296
     0.186397       1.0010825      0.12439949
     0.191272       1.0011700      0.12766386
     0.195967       1.0012586      0.13080907
     0.200499       1.0013482      0.13384622
     0.204882       1.0014390      0.13678481
     0.209129       1.0015307      0.13963301
     0.213251       1.0016234      0.14239802
     0.217256       1.0017170      0.14508611
     0.221154       1.0018116      0.14770284
     0.224951       1.0019070      0.15025313
     0.228654       1.0020032      0.15274138
     0.232269       1.0021003      0.15517155
     0.235802       1.0021982      0.15754718
     0.239258       1.0022969      0.15987151
     0.242640       1.0023963      0.16214743
     0.245952       1.0024965      0.16437764
     0.249200       1.0025974      0.16656455
     0.252384       1.0026990      0.16871041
     0.255510       1.0028013      0.17081726
     0.258579       1.0029042      0.17288698
     0.261595       1.0030079      0.17492135
     0.264560       1.0031122      0.17692194
     0.267475       1.0032171      0.17889030
     0.270343       1.0033227      0.18082780
     0.273167       1.0034288      0.18273577
     0.275947       1.0035356      0.18461538
     0.278686       1.0036430      0.18646782
     0.281386       1.0037510      0.18829411
     0.284047       1.0038595      0.19009531
     0.286671       1.0039686      0.19187228
     0.289259       1.0040783      0.19362598
     0.291813       1.0041886      0.19535717
     0.294335       1.0042994      0.19706673
     0.296824       1.0044107      0.19875531
     0.299282       1.0045225      0.20042367
     0.301710       1.0046349      0.20207248
     0.304110       1.0047478      0.20370233
     0.306481       1.0048612      0.20531387
     0.308825       1.0049751      0.20690764
     0.311143       1.0050896      0.20848419
     0.313435       1.0052045      0.21004402
     0.315702       1.0053199      0.21158763
     0.317945       1.0054358      0.21311551
     0.320165       1.0055521      0.21462809
     0.322361       1.0056690      0.21612581
     0.324536       1.0057863      0.21760905
     0.326689       1.0059041      0.21907824
     0.328820       1.0060223      0.22053374
     0.330932       1.0061410      0.22197588
     0.333023       1.0062602      0.22340505
     0.335095       1.0063798      0.22482156
     0.337147       1.0064999      0.22622572
     0.339181       1.0066204      0.22761785
     0.341197       1.0067413      0.22899822
     0.343195       1.0068627      0.23036713
     0.345176       1.0069845      0.23172485
     0.347140       1.0071067      0.23307165
     0.349088       1.0072294      0.23440775
     0.351019       1.0073524      0.23573344
     0.352935       1.0074759      0.23704892
     0.354835       1.0075999      0.23835442
     0.356720       1.0077242      0.23965014
     0.358590       1.0078489      0.24093632
     0.360446       1.0079741      0.24221319
     0.362287       1.0080997      0.24348087
     0.364114       1.0082256      0.24473959
     0.365928       1.0083520      0.24598956
     0.367729       1.0084787      0.24723092
     0.369516       1.0086059      0.24846388
     0.371290       1.0087335      0.24968856
     0.373052       1.0088614      0.25090515
     0.374801       1.0089897      0.25211379
     0.376539       1.0091185      0.25331468
     0.378264       1.0092476      0.25450791
     0.379977       1.0093771      0.25569363
     0.381679       1.0095070      0.25687202
     0.383370       1.0096372      0.25804318
     0.385050       1.0097678      0.25920723
     0.386718       1.0098989      0.26036437
     0.388376       1.0100302      0.26151461
     0.390024       1.0101620      0.26265819
     0.391661       1.0102941      0.26379514
     0.393288       1.0104266      0.26492561
     0.394904       1.0105595      0.26604966
     0.396511       1.0106928      0.26716753
     0.398109       1.0108264      0.26827918
     0.399696       1.0109603      0.26938480
     0.401275       1.0110947      0.27048444
     0.402844       1.0112293      0.27157822
     0.404404       1.0113644      0.27266626
     0.405954       1.0114998      0.27374859
     0.407497       1.0116356      0.27482535
     0.409030       1.0117717      0.27589665
     0.410555       1.0119082      0.27696250
     0.412071       1.0120450      0.27802305
     0.413579       1.0121822      0.27907834
     0.415079       1.0123197      0.28012847
     0.416571       1.0124576      0.28117352
     0.418055       1.0125959      0.28221354
     0.419530       1.0127345      0.28324865
     0.420999       1.0128734      0.28427891
     0.422459       1.0130127      0.28530434
     0.423912       1.0131523      0.28632507
     0.425358       1.0132923      0.28734115
     0.426796       1.0134326      0.28835265
     0.428227       1.0135732      0.28935962
     0.429651       1.0137142      0.29036213
     0.431068       1.0138556      0.29136025
     0.432478       1.0139972      0.29235406
     0.433881       1.0141393      0.29334355
     0.435277       1.0142816      0.29432886
     0.436666       1.0144243      0.29530998
     0.438049       1.0145673      0.29628704
     0.439426       1.0147107      0.29726002
     0.440796       1.0148544      0.29822901
     0.442159       1.0149985      0.29919406
     0.443517       1.0151428      0.30015524
     0.444868       1.0152875      0.30111254
     0.446213       1.0154326      0.30206608
     0.447552       1.0155779      0.30301587
     0.448885       1.0157236      0.30396199
     0.450212       1.0158697      0.30490448
     0.451533       1.0160160      0.30584332
     0.452849       1.0161627      0.30677861
     0.454158       1.0163097      0.30771042
     0.455463       1.0164571      0.30863876
     0.456761       1.0166048      0.30956368
     0.458054       1.0167528      0.31048519
     0.459342       1.0169011      0.31140339
     0.460624       1.0170498      0.31231828
     0.461901       1.0171987      0.31322988
     0.463172       1.0173481      0.31413829
     0.464439       1.0174977      0.31504351
     0.465700       1.0176477      0.31594559
     0.466956       1.0177979      0.31684454
     0.468207       1.0179485      0.31774044
     0.469453       1.0180995      0.31863330
     0.470694       1.0182507      0.31952314
     0.471930       1.0184023      0.32041003
     0.473162       1.0185542      0.32129398
     0.474388       1.0187064      0.32217505
     0.475610       1.0188590      0.32305321
     0.476827       1.0190119      0.32392856
     0.478040       1.0191650      0.32480111
     0.479248       1.0193185      0.32567085
     0.480451       1.0194724      0.32653790
     0.481650       1.0196265      0.32740220
     0.482845       1.0197810      0.32826384
     0.484035       1.0199358      0.32912282
     0.485220       1.0200909      0.32997917
     0.486402       1.0202463      0.33083291
     0.487579       1.0204021      0.33168412
     0.488751       1.0205581      0.33253276
     0.489920       1.0207145      0.33337889
     0.491084       1.0208712      0.33422256
     0.492245       1.0210283      0.33506373
     0.493401       1.0211856      0.33590250
     0.494553       1.0213433      0.33673881
     0.495701       1.0215012      0.33757277
     0.496845       1.0216595      0.33840436
     0.497985       1.0218181      0.33923362
     0.499122       1.0219771      0.34006058
     0.500254       1.0221363      0.34088523
     0.501383       1.0222959      0.34170765
     0.502507       1.0224558      0.34252778
     0.503629       1.0226160      0.34334574
     0.504746       1.0227765      0.34416144
     0.505859       1.0229373      0.34497499
     0.506969       1.0230985      0.34578640
     0.508076       1.0232599      0.34659567
     0.509178       1.0234217      0.34740285
     0.510278       1.0235838      0.34820791
     0.511373       1.0237462      0.34901093
     0.512465       1.0239090      0.34981185
     0.513554       1.0240720      0.35061077
     0.514639       1.0242354      0.35140769
     0.515721       1.0243991      0.35220257
     0.516799       1.0245631      0.35299554
     0.517874       1.0247274      0.35378652
     0.518946       1.0248920      0.35457560
     0.520014       1.0250569      0.35536269
     0.521079       1.0252222      0.35614797
     0.522141       1.0253878      0.35693132
     0.523200       1.0255537      0.35771282
     0.524255       1.0257199      0.35849247
     0.525307       1.0258864      0.35927029
     0.526356       1.0260533      0.36004631
     0.527402       1.0262204      0.36082050
     0.528445       1.0263879      0.36159296
     0.529485       1.0265557      0.36236359
     0.530521       1.0267238      0.36313255
     0.531555       1.0268922      0.36389974
     0.532586       1.0270610      0.36466523
     0.533613       1.0272301      0.36542903
     0.534638       1.0273994      0.36619114
     0.535660       1.0275691      0.36695156
     0.536679       1.0277391      0.36771037
     0.537694       1.0279095      0.36846750
     0.538708       1.0280801      0.36922302
     0.539718       1.0282511      0.36997692
     0.540725       1.0284224      0.37072927
     0.541730       1.0285940      0.37147999
     0.542732       1.0287659      0.37222920
     0.543731       1.0289381      0.37297681
     0.544727       1.0291107      0.37372290
     0.545721       1.0292836      0.37446744
     0.546711       1.0294568      0.37521047
     0.547700       1.0296303      0.37595205
     0.548685       1.0298041      0.37669212
     0.549668       1.0299783      0.37743070
     0.550648       1.0301528      0.37816785
     0.551626       1.0303276      0.37890353
     0.552601       1.0305027      0.37963777
     0.553573       1.0306781      0.38037058
     0.554543       1.0308538      0.38110198
     0.555511       1.0310299      0.38183201
     0.556475       1.0312063      0.38256067
     0.557438       1.0313830      0.38328791
     0.558398       1.0315601      0.38401382
     0.559355       1.0317374      0.38473834
     0.560310       1.0319151      0.38546152
     0.561262       1.0320931      0.38618342
     0.562213       1.0322714      0.38690394
     0.563160       1.0324501      0.38762322
     0.564106       1.0326291      0.38834114
     0.565048       1.0328084      0.38905784
     0.565989       1.0329880      0.38977323
     0.566927       1.0331679      0.39048736
     0.567863       1.0333482      0.39120024
     0.568797       1.0335288      0.39191187
     0.569728       1.0337097      0.39262227
     0.570657       1.0338909      0.39333141
     0.571584       1.0340725      0.39403940
     0.572508       1.0342544      0.39474620
     0.573431       1.0344366      0.39545174
     0.574351       1.0346191      0.39615614
     0.575269       1.0348020      0.39685936
     0.576184       1.0349852      0.39756145
     0.577098       1.0351687      0.39826230
     0.578009       1.0353525      0.39896210
     0.578918       1.0355367      0.39966069
     0.579825       1.0357212      0.40035822
     0.580730       1.0359060      0.40105459
     0.581633       1.0360912      0.40174985
     0.582534       1.0362767      0.40244405
     0.583432       1.0364625      0.40313714
     0.584329       1.0366486      0.40382916
     0.585223       1.0368351      0.40452008
     0.586116       1.0370219      0.40520997
     0.587006       1.0372090      0.40589874
     0.587895       1.0373965      0.40658655
     0.588781       1.0375843      0.40727328
     0.589665       1.0377724      0.40795901
     0.590548       1.0379609      0.40864367
     0.591428       1.0381497      0.40932734
     0.592307       1.0383388      0.41001001
     0.593183       1.0385283      0.41069171
     0.594058       1.0387181      0.41137239
     0.594930       1.0389082      0.41205206
     0.595801       1.0390987      0.41273079
     0.596670       1.0392895      0.41340858
     0.597537       1.0394806      0.41408535
     0.598402       1.0396721      0.41476124
     0.599265       1.0398639      0.41543611
     0.600127       1.0400561      0.41611012
     0.600986       1.0402485      0.41678317
     0.601844       1.0404414      0.41745531
     0.602699       1.0406345      0.41812653
     0.603553       1.0408280      0.41879683
     0.604406       1.0410219      0.41946629
     0.605256       1.0412160      0.42013476
     0.606105       1.0414106      0.42080245
     0.606951       1.0416054      0.42146914
     0.607796       1.0418006      0.42213507
     0.608640       1.0419962      0.42280010
     0.609481       1.0421920      0.42346425
     0.610321       1.0423883      0.42412762
     0.611159       1.0425848      0.42479009
     0.611995       1.0427818      0.42545175
     0.612830       1.0429790      0.42611259
     0.613663       1.0431766      0.42677257
     0.614494       1.0433746      0.42743173
     0.615324       1.0435728      0.42809006
     0.616152       1.0437715      0.42874765
     0.616978       1.0439705      0.42940442
     0.617802       1.0441698      0.43006039
     0.618625       1.0443695      0.43071557
     0.619447       1.0445695      0.43137000
     0.620266       1.0447699      0.43202364
     0.621084       1.0449706      0.43267649
     0.621901       1.0451717      0.43332865
     0.622715       1.0453732      0.43398001
     0.623529       1.0455749      0.43463062
     0.624340       1.0457771      0.43528051
     0.625150       1.0459795      0.43592963
     0.625959       1.0461824      0.43657803
     0.626766       1.0463856      0.43722574
     0.627571       1.0465891      0.43787266
     0.628375       1.0467930      0.43851895
     0.629177       1.0469973      0.43916448
     0.629978       1.0472019      0.43980933
     0.630777       1.0474068      0.44045348
     0.631575       1.0476122      0.44109693
     0.632371       1.0478179      0.44173969
     0.633166       1.0480239      0.44238183
     0.633959       1.0482303      0.44302320
     0.634751       1.0484371      0.44366398
     0.635541       1.0486442      0.44430403
     0.636330       1.0488516      0.44494350
     0.637117       1.0490595      0.44558226
     0.637903       1.0492677      0.44622040
     0.638687       1.0494762      0.44685788
     0.639470       1.0496852      0.44749477
     0.640251       1.0498945      0.44813095
     0.641032       1.0501041      0.44876659
     0.641810       1.0503142      0.44940159
     0.642587       1.0505245      0.45003592
     0.643363       1.0507353      0.45066968
     0.644138       1.0509464      0.45130283
     0.644911       1.0511579      0.45193535
     0.645682       1.0513698      0.45256735
     0.646453       1.0515820      0.45319865
     0.647222       1.0517946      0.45382945
     0.647989       1.0520075      0.45445959
     0.648755       1.0522209      0.45508925
     0.649520       1.0524346      0.45571826
     0.650284       1.0526487      0.45634677
     0.651046       1.0528632      0.45697467
     0.651806       1.0530780      0.45760204
     0.652566       1.0532932      0.45822885
     0.653324       1.0535088      0.45885510
     0.654081       1.0537247      0.45948079
     0.654836       1.0539411      0.46010599
     0.655591       1.0541578      0.46073063
     0.656344       1.0543749      0.46135476
     0.657095       1.0545924      0.46197834
     0.657845       1.0548103      0.46260140
     0.658594       1.0550285      0.46322395
     0.659342       1.0552471      0.46384599
     0.660089       1.0554661      0.46446748
     0.660834       1.0556855      0.46508854
     0.661578       1.0559053      0.46570908
     0.662321       1.0561254      0.46632911
     0.663062       1.0563460      0.46694868
     0.663802       1.0565669      0.46756775
     0.664541       1.0567882      0.46818629
     0.665279       1.0570099      0.46880438
     0.666016       1.0572320      0.46942200
     0.666751       1.0574545      0.47003917
     0.667485       1.0576773      0.47065588
     0.668218       1.0579006      0.47127209
     0.668950       1.0581242      0.47188788
     0.669680       1.0583483      0.47250326
     0.670409       1.0585727      0.47311810
     0.671138       1.0587976      0.47373255
     0.671865       1.0590228      0.47434655
     0.672590       1.0592485      0.47496011
     0.673315       1.0594745      0.47557322
     0.674038       1.0597009      0.47618595
     0.674760       1.0599277      0.47679821
     0.675482       1.0601550      0.47741006
     0.676201       1.0603826      0.47802148
     0.676920       1.0606106      0.47863254
     0.677638       1.0608390      0.47924318
     0.678354       1.0610679      0.47985340
     0.679070       1.0612971      0.48046319
     0.679784       1.0615268      0.48107264
     0.680497       1.0617568      0.48168166
     0.681209       1.0619872      0.48229025
     0.681920       1.0622181      0.48289854
     0.682630       1.0624494      0.48350640
     0.683339       1.0626811      0.48411395
     0.684046       1.0629132      0.48472107
     0.684753       1.0631457      0.48532784
     0.685458       1.0633786      0.48593418
     0.686162       1.0636119      0.48654021
     0.686865       1.0638457      0.48714589
     0.687568       1.0640799      0.48775119
     0.688269       1.0643144      0.48835617
     0.688969       1.0645494      0.48896079
     0.689668       1.0647848      0.48956503
     0.690365       1.0650207      0.49016896
     0.691062       1.0652569      0.49077258
     0.691758       1.0654936      0.49137584
     0.692453       1.0657307      0.49197875
     0.693146       1.0659682      0.49258135
     0.693839       1.0662062      0.49318363
     0.694531       1.0664446      0.49378557
     0.695221       1.0666834      0.49438723
     0.695911       1.0669226      0.49498854
     0.696599       1.0671622      0.49558957
     0.697287       1.0674023      0.49619024
     0.697973       1.0676429      0.49679073
     0.698659       1.0678838      0.49739083
     0.699343       1.0681252      0.49799065
     0.700027       1.0683670      0.49859015
     0.700709       1.0686093      0.49918939
     0.701390       1.0688519      0.49978834
     0.702071       1.0690951      0.50038703
     0.702750       1.0693386      0.50098543
     0.703429       1.0695826      0.50158353
     0.704106       1.0698271      0.50218139
     0.704783       1.0700720      0.50277892
     0.705459       1.0703173      0.50337632
     0.706133       1.0705631      0.50397332
     0.706807       1.0708093      0.50457011
     0.707479       1.0710560      0.50516665
     0.708151       1.0713031      0.50576297
     0.708822       1.0715506      0.50635899
     0.709492       1.0717987      0.50695482
     0.710160       1.0720471      0.50755032
     0.710828       1.0722960      0.50814564
     0.711495       1.0725454      0.50874072
     0.712161       1.0727952      0.50933556
     0.712827       1.0730455      0.50993021
     0.713491       1.0732962      0.51052459
     0.714154       1.0735474      0.51111873
     0.714816       1.0737990      0.51171268
     0.715478       1.0740512      0.51230644
     0.716138       1.0743037      0.51289995
     0.716798       1.0745567      0.51349323
     0.717456       1.0748103      0.51408633
     0.718114       1.0750642      0.51467923
     0.718771       1.0753187      0.51527194
     0.719427       1.0755735      0.51586445
     0.720082       1.0758289      0.51645678
     0.720736       1.0760848      0.51704887
     0.721390       1.0763411      0.51764077
     0.722042       1.0765978      0.51823250
     0.722693       1.0768551      0.51882406
     0.723344       1.0771128      0.51941546
     0.723994       1.0773710      0.52000666
     0.724643       1.0776297      0.52059764
     0.725291       1.0778889      0.52118859
     0.725938       1.0781485      0.52177926
     0.726584       1.0784087      0.52236975
     0.727230       1.0786693      0.52296013
     0.727874       1.0789304      0.52355035
     0.728518       1.0791920      0.52414042
     0.729161       1.0794540      0.52473031
     0.729803       1.0797166      0.52532004
     0.730444       1.0799796      0.52590967
     0.731084       1.0802431      0.52649911
     0.731724       1.0805072      0.52708844
     0.732362       1.0807717      0.52767766
     0.733000       1.0810367      0.52826673
     0.733637       1.0813023      0.52885563
     0.734273       1.0815682      0.52944440
     0.734909       1.0818348      0.53003309
     0.735543       1.0821018      0.53062166
     0.736177       1.0823693      0.53121004
     0.736810       1.0826374      0.53179841
     0.737442       1.0829059      0.53238658
     0.738073       1.0831749      0.53297465
     0.738703       1.0834445      0.53356266
     0.739333       1.0837145      0.53415052
     0.739962       1.0839851      0.53473833
     0.740590       1.0842562      0.53532599
     0.741217       1.0845277      0.53591354
     0.741843       1.0847999      0.53650108
     0.742469       1.0850725      0.53708843
     0.743094       1.0853457      0.53767582
     0.743718       1.0856193      0.53826301
     0.744341       1.0858935      0.53885015
     0.744964       1.0861682      0.53943728
     0.745585       1.0864434      0.54002421
     0.746206       1.0867192      0.54061118
     0.746826       1.0869955      0.54119801
     0.747446       1.0872724      0.54178482
     0.748065       1.0875497      0.54237157
     0.748682       1.0878276      0.54295824
     0.749299       1.0881060      0.54354480
     0.749916       1.0883850      0.54413139
     0.750531       1.0886645      0.54471789
     0.751146       1.0889445      0.54530429
     0.751760       1.0892251      0.54589069
     0.752373       1.0895062      0.54647707
     0.752986       1.0897879      0.54706344
     0.753598       1.0900701      0.54764966
     0.754209       1.0903529      0.54823593
     0.754819       1.0906362      0.54882219
     0.755429       1.0909201      0.54940838
     0.756038       1.0912045      0.54999454
     0.756646       1.0914895      0.55058063
     0.757253       1.0917750      0.55116671
     0.757860       1.0920611      0.55175286
     0.758466       1.0923478      0.55233894
     0.759071       1.0926350      0.55292501
     0.759675       1.0929228      0.55351107
     0.760279       1.0932111      0.55409713
     0.760882       1.0935000      0.55468311
     0.761485       1.0937895      0.55526918
     0.762086       1.0940796      0.55585525
     0.762687       1.0943702      0.55644132
     0.763287       1.0946614      0.55702737
     0.763887       1.0949532      0.55761345
     0.764485       1.0952456      0.55819953
     0.765084       1.0955385      0.55878568
     0.765681       1.0958320      0.55937178
     0.766278       1.0961262      0.55995796
     0.766873       1.0964208      0.56054404
     0.767469       1.0967161      0.56113024
     0.768063       1.0970120      0.56171652
     0.768657       1.0973084      0.56230281
     0.769251       1.0976055      0.56288912
     0.769843       1.0979032      0.56347544
     0.770435       1.0982014      0.56406185
     0.771026       1.0985003      0.56464828
     0.771617       1.0987997      0.56523471
     0.772206       1.0990998      0.56582124
     0.772795       1.0994004      0.56640778
     0.773384       1.0997018      0.56699446
     0.773972       1.1000036      0.56758111
     0.774559       1.1003061      0.56816796
     0.775145       1.1006092      0.56875468
     0.775731       1.1009130      0.56934158
     0.776316       1.1012173      0.56992858
     0.776901       1.1015223      0.57051559
     0.777485       1.1018279      0.57110274
     0.778068       1.1021341      0.57168988
     0.778650       1.1024409      0.57227724
     0.779232       1.1027484      0.57286461
     0.779813       1.1030565      0.57345202
     0.780394       1.1033653      0.57403954
     0.780974       1.1036746      0.57462717
     0.781553       1.1039847      0.57521493
     0.782132       1.1042953      0.57580280
     0.782709       1.1046066      0.57639069
     0.783287       1.1049185      0.57697870
     0.783864       1.1052312      0.57756693
     0.784439       1.1055443      0.57815508
     0.785015       1.1058582      0.57874346
     0.785590       1.1061728      0.57933196
     0.786164       1.1064880      0.57992060
     0.786737       1.1068039      0.58050935
     0.787310       1.1071204      0.58109823
     0.787883       1.1074376      0.58168715
     0.788454       1.1077554      0.58227627
     0.789025       1.1080739      0.58286554
     0.789596       1.1083931      0.58345493
     0.790165       1.1087130      0.58404446
     0.790735       1.1090335      0.58463414
     0.791303       1.1093548      0.58522403
     0.791871       1.1096767      0.58581397
     0.792439       1.1099992      0.58640411
     0.793005       1.1103225      0.58699434
     0.793571       1.1106464      0.58758478
     0.794137       1.1109711      0.58817544
     0.794702       1.1112964      0.58876617
     0.795266       1.1116225      0.58935713
     0.795830       1.1119492      0.58994823
     0.796393       1.1122767      0.59053958
     0.796955       1.1126048      0.59113096
     0.797517       1.1129336      0.59172262
     0.798079       1.1132632      0.59231449
     0.798639       1.1135934      0.59290641
     0.799200       1.1139245      0.59349871
     0.799759       1.1142561      0.59409103
     0.800318       1.1145885      0.59468361
     0.800877       1.1149217      0.59527646
     0.801434       1.1152556      0.59586944
     0.801992       1.1155901      0.59646259
     0.802548       1.1159255      0.59705608
     0.803104       1.1162615      0.59764965
     0.803660       1.1165983      0.59824346
     0.804215       1.1169358      0.59883746
     0.804769       1.1172741      0.59943180
     0.805323       1.1176132      0.60002630
     0.805876       1.1179529      0.60062097
     0.806429       1.1182934      0.60121592
     0.806981       1.1186347      0.60181112
     0.807532       1.1189767      0.60240650
     0.808083       1.1193195      0.60300217
     0.808634       1.1196631      0.60359809
     0.809183       1.1200074      0.60419426
     0.809733       1.1203525      0.60479064
     0.810281       1.1206984      0.60538729
     0.810829       1.1210450      0.60598422
     0.811377       1.1213924      0.60658142
     0.811924       1.1217407      0.60717883
     0.812471       1.1220896      0.60777649
     0.813016       1.1224394      0.60837444
     0.813562       1.1227899      0.60897268
     0.814107       1.1231413      0.60957123
     0.814651       1.1234934      0.61016995
     0.815195       1.1238464      0.61076906
     0.815738       1.1242001      0.61136838
     0.816280       1.1245547      0.61196806
     0.816823       1.1249101      0.61256798
     0.817364       1.1252662      0.61316816
     0.817905       1.1256233      0.61376876
     0.818446       1.1259811      0.61436959
     0.818986       1.1263397      0.61497067
     0.819525       1.1266993      0.61557221
     0.820064       1.1270596      0.61617404
     0.820602       1.1274207      0.61677606
     0.821140       1.1277827      0.61737840
     0.821677       1.1281455      0.61798115
     0.822214       1.1285091      0.61858422
     0.822751       1.1288737      0.61918764
     0.823286       1.1292391      0.61979136
     0.823821       1.1296053      0.62039536
     0.824356       1.1299723      0.62099972
     0.824890       1.1303403      0.62160451
     0.825424       1.1307091      0.62220961
     0.825957       1.1310788      0.62281507
     0.826490       1.1314494      0.62342084
     0.827022       1.1318208      0.62402695
     0.827553       1.1321931      0.62463351
     0.828084       1.1325663      0.62524039
     0.828615       1.1329405      0.62584771
     0.829145       1.1333154      0.62645527
     0.829675       1.1336913      0.62706331
     0.830204       1.1340681      0.62767166
     0.830732       1.1344458      0.62828048
     0.831260       1.1348244      0.62888967
     0.831788       1.1352039      0.62949918
     0.832315       1.1355844      0.63010915
     0.832841       1.1359657      0.63071950
     0.833367       1.1363481      0.63133031
     0.833893       1.1367312      0.63194145
     0.834418       1.1371154      0.63255299
     0.834943       1.1375005      0.63316500
     0.835467       1.1378864      0.63377736
     0.835990       1.1382734      0.63439021
     0.836513       1.1386614      0.63500346
     0.837036       1.1390503      0.63561725
     0.837558       1.1394401      0.63623135
     0.838079       1.1398309      0.63684592
     0.838601       1.1402228      0.63746100
     0.839121       1.1406154      0.63807633
     0.839641       1.1410092      0.63869229
     0.840161       1.1414039      0.63930873
     0.840680       1.1417997      0.63992559
     0.841199       1.1421963      0.64054281
     0.841717       1.1425940      0.64116056
     0.842235       1.1429927      0.64177884
     0.842752       1.1433924      0.64239758
     0.843269       1.1437931      0.64301675
     0.843785       1.1441948      0.64363636
     0.844301       1.1445975      0.64425655
     0.844816       1.1450013      0.64487720
     0.845331       1.1454061      0.64549847
     0.845846       1.1458119      0.64612005
     0.846360       1.1462188      0.64674229
     0.846873       1.1466267      0.64736493
     0.847386       1.1470357      0.64798813
     0.847899       1.1474457      0.64861185
     0.848411       1.1478568      0.64923614
     0.848922       1.1482690      0.64986088
     0.849434       1.1486822      0.65048624
     0.849944       1.1490965      0.65111206
     0.850455       1.1495118      0.65173838
     0.850964       1.1499283      0.65236530
     0.851474       1.1503459      0.65299283
     0.851983       1.1507645      0.65362090
     0.852491       1.1511843      0.65424946
     0.852999       1.1516051      0.65487867
     0.853506       1.1520271      0.65550837
     0.854013       1.1524501      0.65613863
     0.854520       1.1528745      0.65676963
     0.855026       1.1532998      0.65740106
     0.855532       1.1537263      0.65803313
     0.856037       1.1541539      0.65866587
     0.856542       1.1545828      0.65929915
     0.857046       1.1550126      0.65993297
     0.857550       1.1554437      0.66056744
     0.858054       1.1558760      0.66120251
     0.858557       1.1563095      0.66183830
     0.859059       1.1567441      0.66247460
     0.859562       1.1571799      0.66311163
     0.860063       1.1576169      0.66374918
     0.860565       1.1580551      0.66438746
     0.861065       1.1584945      0.66502637
     0.861566       1.1589351      0.66566593
     0.862066       1.1593769      0.66630612
     0.862565       1.1598199      0.66694698
     0.863064       1.1602642      0.66758847
     0.863563       1.1607098      0.66823076
     0.864061       1.1611565      0.66887366
     0.864559       1.1616045      0.66951715
     0.865057       1.1620537      0.67016141
     0.865553       1.1625042      0.67080631
     0.866050       1.1629561      0.67145205
     0.866546       1.1634091      0.67209834
     0.867042       1.1638634      0.67274541
     0.867537       1.1643192      0.67339330
     0.868032       1.1647760      0.67404171
     0.868526       1.1652343      0.67469102
     0.869020       1.1656938      0.67534088
     0.869514       1.1661547      0.67599166
     0.870007       1.1666169      0.67664306
     0.870500       1.1670805      0.67729542
     0.870992       1.1675453      0.67794831
     0.871484       1.1680115      0.67860200
     0.871975       1.1684792      0.67925652
     0.872466       1.1689481      0.67991179
     0.872957       1.1694184      0.68056789
     0.873447       1.1698901      0.68122474
     0.873937       1.1703632      0.68188234
     0.874426       1.1708377      0.68254080
     0.874915       1.1713136      0.68320006
     0.875404       1.1717909      0.68386017
     0.875892       1.1722697      0.68452107
     0.876380       1.1727498      0.68518274
     0.876867       1.1732315      0.68584542
     0.877354       1.1737144      0.68650875
     0.877841       1.1741990      0.68717305
     0.878327       1.1746849      0.68783808
     0.878812       1.1751723      0.68850406
     0.879298       1.1756612      0.68917083
     0.879783       1.1761516      0.68983857
     0.880267       1.1766435      0.69050712
     0.880751       1.1771370      0.69117665
     0.881235       1.1776318      0.69184694
     0.881718       1.1781283      0.69251824
     0.882201       1.1786263      0.69319045
     0.882684       1.1791258      0.69386357
     0.883166       1.1796270      0.69453767
     0.883648       1.1801296      0.69521259
     0.884129       1.1806338      0.69588851
     0.884610       1.1811396      0.69656530
     0.885091       1.1816469      0.69724306
     0.885571       1.1821560      0.69792191
     0.886051       1.1826667      0.69860175
     0.886530       1.1831789      0.69928242
     0.887009       1.1836927      0.69996407
     0.887488       1.1842082      0.70064676
     0.887966       1.1847254      0.70133046
     0.888444       1.1852442      0.70201519
     0.888921       1.1857647      0.70270090
     0.889398       1.1862869      0.70338766
     0.889875       1.1868108      0.70407547
     0.890351       1.1873365      0.70476440
     0.890827       1.1878638      0.70545429
     0.891303       1.1883929      0.70614528
     0.891778       1.1889236      0.70683718
     0.892253       1.1894562      0.70753038
     0.892727       1.1899905      0.70822453
     0.893201       1.1905266      0.70891983
     0.893675       1.1910645      0.70961627
     0.894148       1.1916042      0.71031371
     0.894621       1.1921457      0.71101239
     0.895094       1.1926890      0.71171218
     0.895566       1.1932342      0.71241311
     0.896038       1.1937812      0.71311518
     0.896509       1.1943301      0.71381842
     0.896980       1.1948808      0.71452274
     0.897451       1.1954334      0.71522827
     0.897921       1.1959879      0.71593500
     0.898391       1.1965444      0.71664297
     0.898860       1.1971028      0.71735215
     0.899330       1.1976631      0.71806256
     0.899798       1.1982254      0.71877422
     0.900267       1.1987897      0.71948714
     0.900735       1.1993559      0.72020120
     0.901203       1.1999242      0.72091665
     0.901670       1.2004945      0.72163328
     0.902137       1.2010668      0.72235132
     0.902604       1.2016411      0.72307049
     0.903070       1.2022174      0.72379096
     0.903536       1.2027959      0.72451293
     0.904002       1.2033764      0.72523610
     0.904467       1.2039591      0.72596062
     0.904932       1.2045438      0.72668646
     0.905396       1.2051306      0.72741365
     0.905860       1.2057198      0.72814238
     0.906324       1.2063109      0.72887227
     0.906787       1.2069044      0.72960376
     0.907250       1.2074999      0.73033650
     0.907713       1.2080976      0.73107069
     0.908175       1.2086977      0.73180643
     0.908637       1.2093000      0.73254350
     0.909099       1.2099045      0.73328205
     0.909560       1.2105114      0.73402216
     0.910021       1.2111205      0.73476374
     0.910482       1.2117319      0.73550665
     0.910942       1.2123457      0.73625124
     0.911402       1.2129617      0.73699715
     0.911862       1.2135803      0.73774492
     0.912321       1.2142013      0.73849409
     0.912780       1.2148245      0.73924477
     0.913238       1.2154502      0.73999703
     0.913696       1.2160785      0.74075104
     0.914154       1.2167091      0.74150646
     0.914612       1.2173422      0.74226358
     0.915069       1.2179779      0.74302235
     0.915526       1.2186161      0.74378277
     0.915982       1.2192569      0.74454487
     0.916438       1.2199001      0.74530866
     0.916894       1.2205462      0.74607426
     0.917349       1.2211947      0.74684144
     0.917804       1.2218459      0.74761042
     0.918259       1.2224996      0.74838100
     0.918714       1.2231562      0.74915342
     0.919168       1.2238155      0.74992784
     0.919621       1.2244773      0.75070365
     0.920075       1.2251421      0.75148160
     0.920528       1.2258095      0.75226124
     0.920981       1.2264799      0.75304279
     0.921433       1.2271529      0.75382617
     0.921885       1.2278289      0.75461143
     0.922337       1.2285077      0.75539862
     0.922788       1.2291896      0.75618780
     0.923239       1.2298742      0.75697883
     0.923690       1.2305618      0.75777185
     0.924140       1.2312524      0.75856677
     0.924591       1.2319461      0.75936386
     0.925040       1.2326427      0.76016284
     0.925490       1.2333422      0.76096369
     0.925939       1.2340452      0.76176693
     0.926388       1.2347511      0.76257208
     0.926836       1.2354602      0.76337939
     0.927284       1.2361724      0.76418876
     0.927732       1.2368879      0.76500033
     0.928179       1.2376065      0.76581390
     0.928627       1.2383286      0.76662994
     0.929073       1.2390538      0.76744805
     0.929520       1.2397826      0.76826845
     0.929966       1.2405144      0.76909088
     0.930412       1.2412498      0.76991581
     0.930858       1.2419887      0.77074309
     0.931303       1.2427309      0.77157247
     0.931748       1.2434766      0.77240429
     0.932192       1.2442259      0.77323854
     0.932636       1.2449788      0.77407516
     0.933081       1.2457355      0.77491434
     0.933524       1.2464955      0.77575578
     0.933967       1.2472594      0.77659975
     0.934410       1.2480269      0.77744623
     0.934853       1.2487983      0.77829538
     0.935295       1.2495731      0.77914675
     0.935738       1.2503523      0.78000111
     0.936179       1.2511352      0.78085796
     0.936621       1.2519218      0.78171729
     0.937062       1.2527125      0.78257947
     0.937503       1.2535073      0.78344435
     0.937943       1.2543059      0.78431181
     0.938383       1.2551089      0.78518225
     0.938823       1.2559159      0.78605541
     0.939263       1.2567270      0.78693131
     0.939702       1.2575424      0.78781023
     0.940141       1.2583620      0.78869190
     0.940580       1.2591861      0.78957670
     0.941018       1.2600145      0.79046425
     0.941456       1.2608474      0.79135501
     0.941894       1.2616846      0.79224872
     0.942331       1.2625264      0.79314541
     0.942768       1.2633727      0.79404524
     0.943205       1.2642237      0.79494830
     0.943642       1.2650795      0.79585463
     0.944078       1.2659399      0.79676396
     0.944514       1.2668053      0.79767677
     0.944950       1.2676754      0.79859278
     0.945385       1.2685504      0.79951217
     0.945820       1.2694305      0.80043507
     0.946255       1.2703156      0.80136126
     0.946689       1.2712059      0.80229105
     0.947123       1.2721011      0.80322416
     0.947557       1.2730017      0.80416096
     0.947990       1.2739076      0.80510146
     0.948424       1.2748187      0.80604539
     0.948857       1.2757356      0.80699341
     0.949289       1.2766576      0.80794478
     0.949721       1.2775854      0.80890022
     0.950153       1.2785189      0.80985947
     0.950585       1.2794582      0.81082270
     0.951017       1.2804032      0.81178992
     0.951448       1.2813540      0.81276099
     0.951879       1.2823108      0.81373621
     0.952309       1.2832737      0.81471564
     0.952739       1.2842427      0.81569914
     0.953170       1.2852182      0.81668722
     0.953599       1.2861996      0.81767932
     0.954029       1.2871876      0.81867585
     0.954458       1.2881822      0.81967696
     0.954887       1.2891831      0.82068240
     0.955315       1.2901910      0.82169268
     0.955743       1.2912057      0.82270753
     0.956171       1.2922268      0.82372678
     0.956599       1.2932554      0.82475121
     0.957026       1.2942908      0.82578031
     0.957453       1.2953336      0.82681446
     0.957880       1.2963837      0.82785363
     0.958307       1.2974410      0.82889769
     0.958733       1.2985061      0.82994720
     0.959159       1.2995788      0.83100181
     0.959585       1.3006593      0.83206183
     0.960010       1.3017475      0.83312715
     0.960435       1.3028441      0.83419825
     0.960860       1.3039487      0.83527474
     0.961285       1.3050616      0.83635707
     0.961709       1.3061829      0.83744506
     0.962133       1.3073130      0.83853914
     0.962557       1.3084521      0.83963945
     0.962980       1.3095997      0.84074556
     0.963403       1.3107563      0.84185774
     0.963826       1.3119222      0.84297645
     0.964249       1.3130978      0.84410181
     0.964671       1.3142827      0.84523349
     0.965093       1.3154774      0.84637200
     0.965515       1.3166819      0.84751714
     0.965936       1.3178967      0.84866936
     0.966357       1.3191216      0.84982855
     0.966778       1.3203575      0.85099539
     0.967199       1.3216034      0.85216894
     0.967619       1.3228605      0.85335027
     0.968039       1.3241289      0.85453938
     0.968459       1.3254087      0.85573626
     0.968879       1.3266999      0.85694100
     0.969298       1.3280033      0.85815415
     0.969717       1.3293181      0.85937509
     0.970136       1.3306458      0.86060488
     0.970554       1.3319858      0.86184313
     0.970973       1.3333393      0.86309061
     0.971390       1.3347051      0.86434659
     0.971808       1.3360850      0.86561229
     0.972226       1.3374784      0.86688716
     0.972643       1.3388864      0.86817209
     0.973060       1.3403082      0.86946645
     0.973476       1.3417452      0.87077134
     0.973892       1.3431970      0.87208630
     0.974309       1.3446650      0.87341240
     0.974724       1.3461483      0.87474908
     0.975140       1.3476479      0.87609680
     0.975555       1.3491645      0.87745630
     0.975970       1.3506981      0.87882734
     0.976385       1.3522494      0.88021057
     0.976799       1.3538188      0.88160624
     0.977214       1.3554069      0.88301470
     0.977628       1.3570139      0.88443609
     0.978041       1.3586405      0.88587090
     0.978455       1.3602875      0.88731968
     0.978868       1.3619555      0.88878295
     0.979281       1.3636449      0.89026076
     0.979693       1.3653562      0.89175353
     0.980106       1.3670903      0.89326194
     0.980518       1.3688482      0.89478660
     0.980930       1.3706303      0.89632789
     0.981341       1.3724372      0.89788607
     0.981753       1.3742707      0.89946247
     0.982164       1.3761309      0.90105715
     0.982574       1.3780191      0.90267087
     0.982985       1.3799359      0.90430421
     0.983395       1.3818824      0.90595774
     0.983805       1.3838607      0.90763309
     0.984215       1.3858704      0.90932977
     0.984625       1.3879143      0.91104983
     0.985034       1.3899924      0.91279312
     0.985443       1.3921076      0.91456174
     0.985852       1.3942606      0.91635612
     0.986260       1.3964533      0.91817764
     0.986669       1.3986878      0.92002749
     0.987077       1.4009649      0.92190634
     0.987484       1.4032885      0.92381689
     0.987892       1.4056590      0.92575939
     0.988299       1.4080807      0.92773657
     0.988706       1.4105550      0.92974949
     0.989113       1.4130847      0.93180010
     0.989519       1.4156747      0.93389165
     0.989926       1.4183270      0.93602544
     0.990332       1.4210456      0.93820424
     0.990737       1.4238358      0.94043149
     0.991143       1.4267006      0.94270930
     0.991548       1.4296476      0.94504285
     0.991953       1.4326808      0.94743474
     0.992358       1.4358081      0.94989026
     0.992762       1.4390366      0.95241417
     0.993167       1.4423760      0.95501305
     0.993571       1.4458349      0.95769270
     0.993974       1.4494261      0.96046160
     0.994378       1.4531626      0.96332846
     0.994781       1.4570612      0.96630467
     0.995184       1.4611400      0.96940223
     0.995587       1.4654234      0.97263756
     0.995990       1.4699417      0.97603097
     0.996392       1.4747286      0.97960493
     0.996794       1.4798325      0.98339193
     0.997196       1.4853174      0.98743476
     0.997597       1.4912651      0.99178794
     0.997999       1.4978030      0.99653685
     0.998400       1.5051170       1.0018055
     0.998800       1.5135300       1.0078097
     0.999201       1.5236639       1.0149644
     0.999601       1.5371377       1.0243501